n_points =  1493
centroids =

   0.0013596   0.0011854   0.0011289
   0.0000000   0.0000000   0.0000000
   0.0000000   0.0000000   0.0000000
   0.0000000   0.0000000   0.0000000
   0.0000000   0.0000000   0.0000000
   0.0000000   0.0000000   0.0000000
   0.0000000   0.0000000   0.0000000
   0.0000000   0.0000000   0.0000000
   0.0000000   0.0000000   0.0000000
   0.0000000   0.0000000   0.0000000
   0.0000000   0.0000000   0.0000000
   0.0000000   0.0000000   0.0000000
   0.0000000   0.0000000   0.0000000
   0.0000000   0.0000000   0.0000000
   0.0000000   0.0000000   0.0000000
   0.0000000   0.0000000   0.0000000

n_points =  719
centroids =

   0.0013596   0.0011854   0.0011289
   0.0027695   0.0022355   0.0012664
   0.0000000   0.0000000   0.0000000
   0.0000000   0.0000000   0.0000000
   0.0000000   0.0000000   0.0000000
   0.0000000   0.0000000   0.0000000
   0.0000000   0.0000000   0.0000000
   0.0000000   0.0000000   0.0000000
   0.0000000   0.0000000   0.0000000
   0.0000000   0.0000000   0.0000000
   0.0000000   0.0000000   0.0000000
   0.0000000   0.0000000   0.0000000
   0.0000000   0.0000000   0.0000000
   0.0000000   0.0000000   0.0000000
   0.0000000   0.0000000   0.0000000
   0.0000000   0.0000000   0.0000000

n_points =  131
centroids =

   0.0013596   0.0011854   0.0011289
   0.0027695   0.0022355   0.0012664
   0.0035952   0.0019666   0.0010882
   0.0000000   0.0000000   0.0000000
   0.0000000   0.0000000   0.0000000
   0.0000000   0.0000000   0.0000000
   0.0000000   0.0000000   0.0000000
   0.0000000   0.0000000   0.0000000
   0.0000000   0.0000000   0.0000000
   0.0000000   0.0000000   0.0000000
   0.0000000   0.0000000   0.0000000
   0.0000000   0.0000000   0.0000000
   0.0000000   0.0000000   0.0000000
   0.0000000   0.0000000   0.0000000
   0.0000000   0.0000000   0.0000000
   0.0000000   0.0000000   0.0000000

n_points =  1316
centroids =

   0.0013596   0.0011854   0.0011289
   0.0027695   0.0022355   0.0012664
   0.0035952   0.0019666   0.0010882
   0.0020743   0.0016291   0.0010719
   0.0000000   0.0000000   0.0000000
   0.0000000   0.0000000   0.0000000
   0.0000000   0.0000000   0.0000000
   0.0000000   0.0000000   0.0000000
   0.0000000   0.0000000   0.0000000
   0.0000000   0.0000000   0.0000000
   0.0000000   0.0000000   0.0000000
   0.0000000   0.0000000   0.0000000
   0.0000000   0.0000000   0.0000000
   0.0000000   0.0000000   0.0000000
   0.0000000   0.0000000   0.0000000
   0.0000000   0.0000000   0.0000000

n_points =  1187
centroids =

   0.0013596   0.0011854   0.0011289
   0.0027695   0.0022355   0.0012664
   0.0035952   0.0019666   0.0010882
   0.0020743   0.0016291   0.0010719
   0.0004662   0.0004957   0.0004511
   0.0000000   0.0000000   0.0000000
   0.0000000   0.0000000   0.0000000
   0.0000000   0.0000000   0.0000000
   0.0000000   0.0000000   0.0000000
   0.0000000   0.0000000   0.0000000
   0.0000000   0.0000000   0.0000000
   0.0000000   0.0000000   0.0000000
   0.0000000   0.0000000   0.0000000
   0.0000000   0.0000000   0.0000000
   0.0000000   0.0000000   0.0000000
   0.0000000   0.0000000   0.0000000

n_points =  1476
centroids =

   0.0013596   0.0011854   0.0011289
   0.0027695   0.0022355   0.0012664
   0.0035952   0.0019666   0.0010882
   0.0020743   0.0016291   0.0010719
   0.0004662   0.0004957   0.0004511
   0.0034109   0.0029704   0.0024056
   0.0000000   0.0000000   0.0000000
   0.0000000   0.0000000   0.0000000
   0.0000000   0.0000000   0.0000000
   0.0000000   0.0000000   0.0000000
   0.0000000   0.0000000   0.0000000
   0.0000000   0.0000000   0.0000000
   0.0000000   0.0000000   0.0000000
   0.0000000   0.0000000   0.0000000
   0.0000000   0.0000000   0.0000000
   0.0000000   0.0000000   0.0000000

n_points =  566
centroids =

   0.0013596   0.0011854   0.0011289
   0.0027695   0.0022355   0.0012664
   0.0035952   0.0019666   0.0010882
   0.0020743   0.0016291   0.0010719
   0.0004662   0.0004957   0.0004511
   0.0034109   0.0029704   0.0024056
   0.0026519   0.0018014   0.0009598
   0.0000000   0.0000000   0.0000000
   0.0000000   0.0000000   0.0000000
   0.0000000   0.0000000   0.0000000
   0.0000000   0.0000000   0.0000000
   0.0000000   0.0000000   0.0000000
   0.0000000   0.0000000   0.0000000
   0.0000000   0.0000000   0.0000000
   0.0000000   0.0000000   0.0000000
   0.0000000   0.0000000   0.0000000

n_points =  970
centroids =

   0.0013596   0.0011854   0.0011289
   0.0027695   0.0022355   0.0012664
   0.0035952   0.0019666   0.0010882
   0.0020743   0.0016291   0.0010719
   0.0004662   0.0004957   0.0004511
   0.0034109   0.0029704   0.0024056
   0.0026519   0.0018014   0.0009598
   0.0029788   0.0025839   0.0019037
   0.0000000   0.0000000   0.0000000
   0.0000000   0.0000000   0.0000000
   0.0000000   0.0000000   0.0000000
   0.0000000   0.0000000   0.0000000
   0.0000000   0.0000000   0.0000000
   0.0000000   0.0000000   0.0000000
   0.0000000   0.0000000   0.0000000
   0.0000000   0.0000000   0.0000000

n_points =  1278
centroids =

   0.0013596   0.0011854   0.0011289
   0.0027695   0.0022355   0.0012664
   0.0035952   0.0019666   0.0010882
   0.0020743   0.0016291   0.0010719
   0.0004662   0.0004957   0.0004511
   0.0034109   0.0029704   0.0024056
   0.0026519   0.0018014   0.0009598
   0.0029788   0.0025839   0.0019037
   0.0003412   0.0003723   0.0003336
   0.0000000   0.0000000   0.0000000
   0.0000000   0.0000000   0.0000000
   0.0000000   0.0000000   0.0000000
   0.0000000   0.0000000   0.0000000
   0.0000000   0.0000000   0.0000000
   0.0000000   0.0000000   0.0000000
   0.0000000   0.0000000   0.0000000

n_points =  1474
centroids =

   0.0013596   0.0011854   0.0011289
   0.0027695   0.0022355   0.0012664
   0.0035952   0.0019666   0.0010882
   0.0020743   0.0016291   0.0010719
   0.0004662   0.0004957   0.0004511
   0.0034109   0.0029704   0.0024056
   0.0026519   0.0018014   0.0009598
   0.0029788   0.0025839   0.0019037
   0.0003412   0.0003723   0.0003336
   0.0007432   0.0007180   0.0006888
   0.0000000   0.0000000   0.0000000
   0.0000000   0.0000000   0.0000000
   0.0000000   0.0000000   0.0000000
   0.0000000   0.0000000   0.0000000
   0.0000000   0.0000000   0.0000000
   0.0000000   0.0000000   0.0000000

n_points =  436
centroids =

   0.0013596   0.0011854   0.0011289
   0.0027695   0.0022355   0.0012664
   0.0035952   0.0019666   0.0010882
   0.0020743   0.0016291   0.0010719
   0.0004662   0.0004957   0.0004511
   0.0034109   0.0029704   0.0024056
   0.0026519   0.0018014   0.0009598
   0.0029788   0.0025839   0.0019037
   0.0003412   0.0003723   0.0003336
   0.0007432   0.0007180   0.0006888
   0.0035764   0.0025060   0.0014341
   0.0000000   0.0000000   0.0000000
   0.0000000   0.0000000   0.0000000
   0.0000000   0.0000000   0.0000000
   0.0000000   0.0000000   0.0000000
   0.0000000   0.0000000   0.0000000

n_points =  478
centroids =

   0.0013596   0.0011854   0.0011289
   0.0027695   0.0022355   0.0012664
   0.0035952   0.0019666   0.0010882
   0.0020743   0.0016291   0.0010719
   0.0004662   0.0004957   0.0004511
   0.0034109   0.0029704   0.0024056
   0.0026519   0.0018014   0.0009598
   0.0029788   0.0025839   0.0019037
   0.0003412   0.0003723   0.0003336
   0.0007432   0.0007180   0.0006888
   0.0035764   0.0025060   0.0014341
   0.0032569   0.0023861   0.0010241
   0.0000000   0.0000000   0.0000000
   0.0000000   0.0000000   0.0000000
   0.0000000   0.0000000   0.0000000
   0.0000000   0.0000000   0.0000000

n_points =  710
